#include <math.h>
void tiny_Dynamics_RK4(double* xn, const double* x, const double* u) {
  xn[0] = 0.16666666666666666 * (0.1 * (0.1 * u[0] + x[3]) * cos(0.1 * (0.05 * u[0] + x[3]) * tan(0.05 * u[1] + x[4]) + x[2]) + 0.1 * cos(x[2]) * x[3] + 0.2 * (0.05 * u[0] + x[3]) * cos(0.05 * (0.05 * u[0] + x[3]) * tan(0.05 * u[1] + x[4]) + x[2]) + 0.2 * (0.05 * u[0] + x[3]) * cos(0.05 * tan(x[4]) * x[3] + x[2])) + x[0];
  xn[1] = 0.16666666666666666 * (0.2 * (0.05 * u[0] + x[3]) * sin(0.05 * (0.05 * u[0] + x[3]) * tan(0.05 * u[1] + x[4]) + x[2]) + 0.2 * (0.05 * u[0] + x[3]) * sin(0.05 * tan(x[4]) * x[3] + x[2]) + 0.1 * (0.1 * u[0] + x[3]) * sin(0.1 * (0.05 * u[0] + x[3]) * tan(0.05 * u[1] + x[4]) + x[2]) + 0.1 * sin(x[2]) * x[3]) + x[1];
  xn[2] = 0.16666666666666666 * (0.1 * (0.1 * u[0] + x[3]) * tan(0.1 * u[1] + x[4]) + 0.4 * (0.05 * u[0] + x[3]) * tan(0.05 * u[1] + x[4]) + 0.1 * tan(x[4]) * x[3]) + x[2];
  xn[3] = 0.09999999999999999 * u[0] + x[3];
  xn[4] = 0.09999999999999999 * u[1] + x[4];
}
stride = 2
size = 6
0 1 2 3 4 5
0 1 (2) 3 4 5
k = 2
last_ptr = 0
remain_cnt = (6 - 2)/stride = 2


