#include <math.h>
void tiny_Dynamics_RK4(double* xn, const double* x, const double* u) {
  xn[0] = 0.16666666666666666 * (0.2 * (0.05 * (u[0] + u[1]) * sin(0.05 * x[5] + x[2]) + x[3]) + 0.1 * (0.1 * (u[0] + u[1]) * sin(0.05 * (0.41666666666666674 * (-1 * u[0] + u[1]) + x[5]) + x[2]) + x[3]) + 0.2 * (0.05 * (u[0] + u[1]) * sin(x[2]) + x[3]) + 0.1 * x[3]) + x[0];
  xn[1] = 0.16666666666666666 * (0.2 * (0.05 * (-9.81 + (u[0] + u[1]) * cos(0.05 * x[5] + x[2])) + x[4]) + 0.2 * (0.05 * (-9.81 + (u[0] + u[1]) * cos(x[2])) + x[4]) + 0.1 * (0.1 * (-9.81 + (u[0] + u[1]) * cos(0.05 * (0.41666666666666674 * (-1 * u[0] + u[1]) + x[5]) + x[2])) + x[4]) + 0.1 * x[4]) + x[1];
  xn[2] = 0.16666666666666666 * (0.4 * (0.41666666666666674 * (-1 * u[0] + u[1]) + x[5]) + 0.1 * (0.8333333333333335 * (-1 * u[0] + u[1]) + x[5]) + 0.1 * x[5]) + x[2];
  xn[3] = 0.16666666666666666 * (0.1 * (u[0] + u[1]) * sin(0.1 * (0.41666666666666674 * (-1 * u[0] + u[1]) + x[5]) + x[2]) + 0.2 * (u[0] + u[1]) * sin(0.05 * (0.41666666666666674 * (-1 * u[0] + u[1]) + x[5]) + x[2]) + 0.2 * (u[0] + u[1]) * sin(0.05 * x[5] + x[2]) + 0.1 * (u[0] + u[1]) * sin(x[2])) + x[3];
  xn[4] = 0.16666666666666666 * (0.1 * (-9.81 + (u[0] + u[1]) * cos(0.1 * (0.41666666666666674 * (-1 * u[0] + u[1]) + x[5]) + x[2])) + 0.2 * (-9.81 + (u[0] + u[1]) * cos(0.05 * (0.41666666666666674 * (-1 * u[0] + u[1]) + x[5]) + x[2])) + 0.2 * (-9.81 + (u[0] + u[1]) * cos(0.05 * x[5] + x[2])) + 0.1 * (-9.81 + (u[0] + u[1]) * cos(x[2]))) + x[4];
  xn[5] = 0.8333333333333336 * (-1 * u[0] + u[1]) + x[5];
}

