#include <math.h>
void tiny_GetJacobianB(sfloat* B, const sfloat* x, const sfloat* u) {
  B[0] = 0.16666666666666666 * (0.010000000000000002 * sin(0.05 * x[5] + x[2]) + 0.010000000000000002 * sin(x[2]) + 0.1 * (0.1 * sin(0.05 * (0.41666666666666674 * (-1 * u[0] + u[1]) + x[5]) + x[2]) + -0.002083333333333334 * (u[0] + u[1]) * cos(0.05 * (0.41666666666666674 * (-1 * u[0] + u[1]) + x[5]) + x[2])));
  B[1] = 0.16666666666666666 * (0.010000000000000002 * (0.02083333333333334 * (u[0] + u[1]) * sin(0.05 * (0.41666666666666674 * (-1 * u[0] + u[1]) + x[5]) + x[2]) + cos(0.05 * (0.41666666666666674 * (-1 * u[0] + u[1]) + x[5]) + x[2])) + 0.010000000000000002 * cos(0.05 * x[5] + x[2]) + 0.010000000000000002 * cos(x[2]));
  B[2] = -0.04166666666666667;
  B[3] = 0.16666666666666666 * (0.2 * sin(0.05 * (0.41666666666666674 * (-1 * u[0] + u[1]) + x[5]) + x[2]) + 0.1 * sin(0.1 * (0.41666666666666674 * (-1 * u[0] + u[1]) + x[5]) + x[2]) + 0.1 * sin(x[2]) + 0.2 * sin(0.05 * x[5] + x[2]) + -0.004166666666666668 * (u[0] + u[1]) * cos(0.05 * (0.41666666666666674 * (-1 * u[0] + u[1]) + x[5]) + x[2]) + -0.004166666666666668 * (u[0] + u[1]) * cos(0.1 * (0.41666666666666674 * (-1 * u[0] + u[1]) + x[5]) + x[2]));
  B[4] = 0.16666666666666666 * (0.2 * (0.02083333333333334 * (u[0] + u[1]) * sin(0.05 * (0.41666666666666674 * (-1 * u[0] + u[1]) + x[5]) + x[2]) + cos(0.05 * (0.41666666666666674 * (-1 * u[0] + u[1]) + x[5]) + x[2])) + 0.1 * (0.04166666666666668 * (u[0] + u[1]) * sin(0.1 * (0.41666666666666674 * (-1 * u[0] + u[1]) + x[5]) + x[2]) + cos(0.1 * (0.41666666666666674 * (-1 * u[0] + u[1]) + x[5]) + x[2])) + 0.2 * cos(0.05 * x[5] + x[2]) + 0.1 * cos(x[2]));
  B[5] = -0.8333333333333336;
  B[6] = 0.16666666666666666 * (0.010000000000000002 * sin(0.05 * x[5] + x[2]) + 0.010000000000000002 * sin(x[2]) + 0.1 * (0.1 * sin(0.05 * (0.41666666666666674 * (-1 * u[0] + u[1]) + x[5]) + x[2]) + 0.002083333333333334 * (u[0] + u[1]) * cos(0.05 * (0.41666666666666674 * (-1 * u[0] + u[1]) + x[5]) + x[2])));
  B[7] = 0.16666666666666666 * (0.010000000000000002 * (-0.02083333333333334 * (u[0] + u[1]) * sin(0.05 * (0.41666666666666674 * (-1 * u[0] + u[1]) + x[5]) + x[2]) + cos(0.05 * (0.41666666666666674 * (-1 * u[0] + u[1]) + x[5]) + x[2])) + 0.010000000000000002 * cos(0.05 * x[5] + x[2]) + 0.010000000000000002 * cos(x[2]));
  B[8] = 0.04166666666666667;
  B[9] = 0.16666666666666666 * (0.2 * sin(0.05 * (0.41666666666666674 * (-1 * u[0] + u[1]) + x[5]) + x[2]) + 0.1 * sin(0.1 * (0.41666666666666674 * (-1 * u[0] + u[1]) + x[5]) + x[2]) + 0.1 * sin(x[2]) + 0.2 * sin(0.05 * x[5] + x[2]) + 0.004166666666666668 * (u[0] + u[1]) * cos(0.05 * (0.41666666666666674 * (-1 * u[0] + u[1]) + x[5]) + x[2]) + 0.004166666666666668 * (u[0] + u[1]) * cos(0.1 * (0.41666666666666674 * (-1 * u[0] + u[1]) + x[5]) + x[2]));
  B[10] = 0.16666666666666666 * (0.1 * (-0.04166666666666668 * (u[0] + u[1]) * sin(0.1 * (0.41666666666666674 * (-1 * u[0] + u[1]) + x[5]) + x[2]) + cos(0.1 * (0.41666666666666674 * (-1 * u[0] + u[1]) + x[5]) + x[2])) + 0.1 * cos(x[2]) + 0.2 * (-0.02083333333333334 * (u[0] + u[1]) * sin(0.05 * (0.41666666666666674 * (-1 * u[0] + u[1]) + x[5]) + x[2]) + cos(0.05 * (0.41666666666666674 * (-1 * u[0] + u[1]) + x[5]) + x[2])) + 0.2 * cos(0.05 * x[5] + x[2]));
  B[11] = 0.8333333333333336;
}

