#include <math.h>
void tiny_GetJacobianA(sfloat* A, const sfloat* x, const sfloat* u) {
  A[0] = 1;
  A[1] = 0;
  A[2] = 0;
  A[3] = 0;
  A[4] = 0;
  A[5] = 0;
  A[6] = 0;
  A[7] = 1;
  A[8] = 0;
  A[9] = 0;
  A[10] = 0;
  A[11] = 0;
  A[12] = 0.16666666666666666 * (0.010000000000000002 * (u[0] + u[1]) * cos(0.05 * (0.41666666666666674 * (-1 * u[0] + u[1]) + x[5]) + x[2]) + 0.010000000000000002 * (u[0] + u[1]) * cos(0.05 * x[5] + x[2]) + 0.010000000000000002 * (u[0] + u[1]) * cos(x[2]));
  A[13] = 0.16666666666666666 * (-0.010000000000000002 * (u[0] + u[1]) * sin(0.05 * (0.41666666666666674 * (-1 * u[0] + u[1]) + x[5]) + x[2]) + -0.010000000000000002 * (u[0] + u[1]) * sin(0.05 * x[5] + x[2]) + -0.010000000000000002 * (u[0] + u[1]) * sin(x[2]));
  A[14] = 1;
  A[15] = 0.16666666666666666 * (0.1 * (u[0] + u[1]) * cos(0.1 * (0.41666666666666674 * (-1 * u[0] + u[1]) + x[5]) + x[2]) + 0.1 * (u[0] + u[1]) * cos(x[2]) + 0.2 * (u[0] + u[1]) * cos(0.05 * (0.41666666666666674 * (-1 * u[0] + u[1]) + x[5]) + x[2]) + 0.2 * (u[0] + u[1]) * cos(0.05 * x[5] + x[2]));
  A[16] = 0.16666666666666666 * (-0.1 * (u[0] + u[1]) * sin(0.1 * (0.41666666666666674 * (-1 * u[0] + u[1]) + x[5]) + x[2]) + -0.2 * (u[0] + u[1]) * sin(0.05 * (0.41666666666666674 * (-1 * u[0] + u[1]) + x[5]) + x[2]) + -0.2 * (u[0] + u[1]) * sin(0.05 * x[5] + x[2]) + -0.1 * (u[0] + u[1]) * sin(x[2]));
  A[17] = 0;
  A[18] = 0.09999999999999999;
  A[19] = 0;
  A[20] = 0;
  A[21] = 1;
  A[22] = 0;
  A[23] = 0;
  A[24] = 0;
  A[25] = 0.09999999999999999;
  A[26] = 0;
  A[27] = 0;
  A[28] = 1;
  A[29] = 0;
  A[30] = 0.16666666666666666 * (0.0005000000000000001 * (u[0] + u[1]) * cos(0.05 * (0.41666666666666674 * (-1 * u[0] + u[1]) + x[5]) + x[2]) + 0.0005000000000000001 * (u[0] + u[1]) * cos(0.05 * x[5] + x[2]));
  A[31] = 0.16666666666666666 * (-0.0005000000000000001 * (u[0] + u[1]) * sin(0.05 * (0.41666666666666674 * (-1 * u[0] + u[1]) + x[5]) + x[2]) + -0.0005000000000000001 * (u[0] + u[1]) * sin(0.05 * x[5] + x[2]));
  A[32] = 0.09999999999999999;
  A[33] = 0.16666666666666666 * (0.010000000000000002 * (u[0] + u[1]) * cos(0.05 * (0.41666666666666674 * (-1 * u[0] + u[1]) + x[5]) + x[2]) + 0.010000000000000002 * (u[0] + u[1]) * cos(0.05 * x[5] + x[2]) + 0.010000000000000002 * (u[0] + u[1]) * cos(0.1 * (0.41666666666666674 * (-1 * u[0] + u[1]) + x[5]) + x[2]));
  A[34] = 0.16666666666666666 * (-0.010000000000000002 * (u[0] + u[1]) * sin(0.05 * (0.41666666666666674 * (-1 * u[0] + u[1]) + x[5]) + x[2]) + -0.010000000000000002 * (u[0] + u[1]) * sin(0.1 * (0.41666666666666674 * (-1 * u[0] + u[1]) + x[5]) + x[2]) + -0.010000000000000002 * (u[0] + u[1]) * sin(0.05 * x[5] + x[2]));
  A[35] = 1;
}

