#include <math.h>
void tiny_Dynamics_RK4_Raw(double* xn, const double* x, const double* u) {
  xn[0] = -6.913104030861153e-7 * u[1] + -1.9236700703482128e-5 * u[0] + 1.1118591159227945e-6 * u[3] + 1.307999958e-5 * x[10] + 1.8816151990645456e-5 * u[2] + 0.003923999874 * x[4] + 0.02 * x[6] + x[0];
  xn[1] = -8.264867750693335e-7 * u[0] + -1.899494599325163e-5 * u[1] + 9.766827439395763e-7 * u[2] + 1.8844750024381385e-5 * u[3] + -0.003923999874 * x[3] + -1.307999958e-5 * x[9] + 0.02 * x[7] + x[1];
  xn[2] = 0.0009809999685 * u[0] + 0.0009809999685 * u[1] + 0.0009809999685 * u[2] + 0.0009809999685 * u[3] + 0.02 * x[8] + x[2];
  xn[3] = 0.001263741286862233 * u[0] + 0.029044260861133184 * u[1] + -0.0014933987389922777 * u[2] + -0.028814603409003138 * u[3] + 0.01 * x[9] + x[3];
  xn[4] = -0.0010570495799451932 * u[1] + -0.029413916393232986 * u[0] + 0.0017000904459093177 * u[3] + 0.01 * x[10] + 0.02877087552726887 * u[2] + x[4];
  xn[5] = -0.0036442852709168503 * u[1] + 0.004771451728430982 * u[0] + 0.0012647116383870192 * u[2] + -0.0023918780959011495 * u[3] + 0.01 * x[11] + x[5];
  xn[6] = -0.00013826209393604777 * u[1] + -0.0038473405113117714 * u[0] + 0.0002223718446056985 * u[3] + 0.0019620000630000004 * x[10] + 0.0037632307606421216 * u[2] + 0.3924 * x[4] + x[6];
  xn[7] = -0.0001652973709370069 * u[0] + -0.003798989564608012 * u[1] + 0.0001953365676047393 * u[2] + 0.003768950367940279 * u[3] + -0.3924 * x[3] + -0.0019620000630000004 * x[9] + x[7];
  xn[8] = 0.09809999685000002 * u[0] + 0.09809999685000002 * u[1] + 0.09809999685000002 * u[2] + 0.09809999685000002 * u[3] + x[8];
  xn[9] = 0.2527482573724466 * u[0] + 5.808852172226636 * u[1] + -0.2986797477984556 * u[2] + -5.762920681800629 * u[3] + x[9];
  xn[10] = -0.2114099159890387 * u[1] + -5.882783278646597 * u[0] + 0.34001808918186355 * u[3] + 5.754175105453773 * u[2] + x[10];
  xn[11] = -0.72885705418337 * u[1] + 0.9542903456861964 * u[0] + 0.2529423276774038 * u[2] + -0.4783756191802299 * u[3] + x[11];
}

